5625.72194982452  97429.09
5627.14179308469  103651.9
5628.56163634487  103603.5
5629.98147960504  103546.1
5631.40132286522  103491.6
5632.82116612539  103504.4
5634.24100938557  103617.5
5635.66085264575  103540.
5637.08069590592  103487.5
5638.5005391661  103546.9
5639.92038242627  103374.
5641.34022568645  103453.9
5642.76006894662  103450.8
5644.1799122068  103368.6
5645.59975546698  103487.9
5647.01959872715  103456.
5648.43944198733  103416.2
5649.8592852475  103433.4
5651.27912850768  103327.1
5652.69897176785  103494.9
5654.11881502803  103554.1
5655.53865828821  103467.3
5656.95850154838  103319.8
5658.37834480856  103386.
5659.79818806873  103276.8
5661.21803132891  103272.9
5662.63787458908  103356.2
5664.05771784926  103256.9
5665.47756110944  103230.9
5666.89740436961  103328.5
5668.31724762979  103320.1
5669.73709088996  103373.3
5671.15693415014  103026.
5672.57677741031  106063.4
5673.99662067049  157144.7
5675.41646393067  205830.
5676.83630719084  208996.8
5678.25615045102  211326.4
5679.67599371119  212006.4
5681.09583697137  212342.1
5682.51568023154  211757.7
5683.93552349172  211329.9
5685.35536675189  211973.3
5686.77521001207  212761.9
5688.19505327225  214359.
5689.61489653242  213243.1
5691.0347397926  211731.3
5692.45458305277  213032.5
5693.87442631295  212518.4
5695.29426957313  212360.7
5696.7141128333  212828.4
5698.13395609348  212392.1
5699.55379935365  213856.2
5700.97364261383  212927.1
5702.393485874  211799.3
5703.81332913418  212710.7
5705.23317239435  210755.8
5706.65301565453  211867.1
5708.07285891471  212125.5
5709.49270217488  213105.
5710.91254543506  214417.8
5712.33238869523  213842.6
5713.75223195541  212765.2
5715.17207521558  212276.5
5716.59191847576  212310.8
5718.01176173594  211548.9
5719.43160499611  212078.5
5720.85144825629  213075.3
5722.27129151646  211295.5
5723.69113477664  212529.9
5725.11097803681  213546.8
5726.53082129699  211131.4
5727.95066455717  212385.2
5729.37050781734  212726.
5730.79035107752  211273.
5732.21019433769  213318.
5733.63003759787  212769.3
5735.04988085804  212203.7
5736.46972411822  212582.
5737.8895673784  213289.5
5739.30941063857  212469.
5740.72925389875  212789.2
5742.14909715892  213352.
5743.5689404191  213310.7
5744.98878367927  212894.7
5746.40862693945  213426.7
5747.82847019963  213510.9
5749.2483134598  211962.9
5750.66815671998  211817.9
5752.08799998015  212849.1
5753.50784324033  212374.5
5754.9276865005  212195.7
5756.34752976068  212448.7
5757.76737302086  212502.4
5759.18721628103  213048.3
5760.60705954121  213184.6
5762.02690280138  212907.2
5763.44674606156  212496.5
5764.86658932173  212883.6
5766.28643258191  213123.
5767.70627584209  212677.8
5769.12611910226  213239.2
5770.54596236244  213782.8
5771.96580562261  213683.8
5773.38564888279  213065.2
5774.80549214297  212849.7
5776.22533540314  213157.3
5777.64517866332  214023.2
5779.06502192349  212883.5
5780.48486518367  213548.
5781.90470844384  214503.1
5783.32455170402  214023.9
5784.74439496419  214277.5
5786.16423822437  213909.1
5787.58408148455  213511.3
5789.00392474472  212736.8
5790.4237680049  214001.6
5791.84361126507  214717.7
5793.26345452525  214136.2
5794.68329778542  214918.2
5796.1031410456  215202.3
5797.52298430578  214185.4
5798.94282756595  213224.3
5800.36267082613  213867.6
5801.7825140863  214109.6
5803.20235734648  212958.5
5804.62220060665  214327.
5806.04204386683  213908.9
5807.46188712701  214034.3
5808.88173038718  214600.2
5810.30157364736  214475.8
5811.72141690753  214082.4
5813.14126016771  215708.1
5814.56110342788  215077.7
5815.98094668806  215449.
5817.40078994824  216894.2
5818.82063320841  215268.2
5820.24047646859  214338.9
5821.66031972876  215352.4
5823.08016298894  217212.3
5824.50000624911  216069.5
5825.91984950929  215439.7
5827.33969276947  216929.4
5828.75953602964  215600.6
5830.17937928982  216279.
5831.59922254999  215795.7
5833.01906581017  214840.5
5834.43890907034  215248.1
5835.85875233052  215120.3
5837.2785955907  215006.5
5838.69843885087  216192.4
5840.11828211105  216112.1
5841.53812537122  215145.3
5842.9579686314  215021.6
5844.37781189158  215949.9
5845.79765515175  216143.6
5847.21749841193  215826.4
5848.6373416721  215392.6
5850.05718493228  215617.5
5851.47702819245  216501.2
5852.89687145263  216438.9
5854.3167147128  215397.8
5855.73655797298  215790.
5857.15640123316  215083.9
5858.57624449333  216424.
5859.99608775351  216273.4
5861.41593101368  215458.8
5862.83577427386  216869.3
5864.25561753403  215886.4
5865.67546079421  215801.3
5867.09530405439  215917.5
5868.51514731456  215233.1
5869.93499057474  216541.2
5871.35483383491  215270.6
5872.77467709509  214648.2
5874.19452035526  215883.7
5875.61436361544  216186.
5877.03420687561  215613.
5878.45405013579  216099.8
5879.87389339597  216058.5
5881.29373665614  216172.7
5882.71357991632  216225.3
5884.13342317649  217129.8
5885.55326643667  215510.
5886.97310969684  215714.
5888.39295295702  212566.
5889.8127962172  211250.7
5891.23263947737  214161.3
5892.65248273755  214618.2
5894.07232599772  212880.5
5895.4921692579  212823.4
5896.91201251807  214219.5
5898.33185577825  215253.1
5899.75169903843  216247.8
5901.1715422986  215608.9
5902.59138555878  216064.6
5904.01122881895  215294.2
5905.43107207913  216396.3
5906.8509153393  216496.1
5908.27075859948  216179.6
5909.69060185966  216702.5
5911.11044511983  216656.6
5912.53028838001  217659.3
5913.95013164018  216516.6
5915.36997490036  216791.5
5916.78981816054  217220.3
5918.20966142071  214519.7
5919.62950468089  214476.9
5921.04934794106  216648.7
5922.46919120124  216724.
5923.88903446141  215690.5
5925.30887772159  215753.8
5926.72872098176  216512.5
5928.14856424194  216312.9
5929.56840750212  216071.8
5930.98825076229  216278.5
5932.40809402247  216639.5
5933.82793728264  215994.7
5935.24778054282  216030.
5936.66762380299  215996.5
5938.08746706317  216670.7
5939.50731032334  215971.1
5940.92715358352  216318.9
5942.3469968437  215660.1
5943.76684010387  214842.8
5945.18668336405  215234.9
5946.60652662422  215377.7
5948.0263698844  215417.6
5949.44621314458  215925.2
5950.86605640475  215758.6
5952.28589966493  215741.7
5953.7057429251  215867.3
5955.12558618528  215773.
5956.54542944545  216083.
5957.96527270563  216293.8
5959.38511596581  215531.2
5960.80495922598  214968.5
5962.22480248616  216918.3
5963.64464574633  216366.4
5965.06448900651  216059.8
5966.48433226668  216930.2
5967.90417552686  215058.6
5969.32401878704  214428.4
5970.74386204721  216589.
5972.16370530739  214198.1
5973.58354856756  214668.9
5975.00339182774  215757.
5976.42323508791  215463.8
5977.84307834809  215944.7
5979.26292160827  215869.3
5980.68276486844  217028.4
5982.10260812862  216553.4
5983.52245138879  215040.1
5984.94229464897  214876.5
5986.36213790914  216888.6
5987.78198116932  215795.1
5989.2018244295  216018.3
5990.62166768967  215938.5
5992.04151094985  216895.1
5993.46135421002  216811.
5994.8811974702  216143.7
5996.30104073037  215082.6
5997.72088399055  214511.6
5999.14072725073  215680.8
6000.5605705109  215303.3
6001.98041377108  215122.2
6003.40025703125  216002.9
6004.82010029143  216019.2
6006.2399435516  216221.8
6007.65978681178  215160.8
6009.07963007195  215443.2
6010.49947333213  215227.6
6011.91931659231  216137.8
6013.33915985248  215219.4
6014.75900311266  216501.5
6016.17884637283  215664.5
6017.59868963301  216248.4
6019.01853289319  215853.2
6020.43837615336  214961.1
6021.85821941354  215931.3
6023.27806267371  216125.6
6024.69790593389  216269.6
6026.11774919406  216038.4
6027.53759245424  215966.5
6028.95743571442  215548.1
6030.37727897459  216635.
6031.79712223477  216020.4
6033.21696549494  215702.
6034.63680875512  215807.4
6036.05665201529  215081.8
6037.47649527547  215135.7
6038.89633853564  215640.9
6040.31618179582  214724.8
6041.736025056  215966.3
6043.15586831617  216245.5
6044.57571157635  215002.1
6045.99555483652  215979.4
6047.4153980967  216210.2
6048.83524135688  215411.9
6050.25508461705  215857.5
6051.67492787723  216187.2
6053.0947711374  215866.1
6054.51461439758  216784.5
6055.93445765775  216052.
6057.35430091793  215708.2
6058.7741441781  214631.2
6060.19398743828  215918.9
6061.61383069846  216053.1
6063.03367395863  216400.5
6064.45351721881  215663.2
6065.87336047898  214919.5
6067.29320373916  215643.6
6068.71304699933  217041.3
6070.13289025951  216781.5
6071.55273351969  216562.
6072.97257677986  216653.3
6074.39242004004  215523.5
6075.81226330021  216464.1
6077.23210656039  215761.5
6078.65194982056  216138.8
6080.07179308074  215591.8
6081.49163634092  215613.7
6082.91147960109  215678.
6084.33132286127  216456.4
6085.75116612144  216641.7
6087.17100938162  217024.1
6088.59085264179  214350.9
6090.01069590197  215530.1
6091.43053916215  214295.1
6092.85038242232  215407.8
6094.2702256825  216972.2
6095.69006894267  216753.2
6097.10991220285  216627.5
6098.52975546303  217556.3
6099.9495987232  217075.5
6101.36944198338  216964.7
6102.78928524355  215482.3
6104.20912850373  216616.9
6105.6289717639  217024.7
6107.04881502408  215011.1
6108.46865828425  215542.5
6109.88850154443  214713.7
6111.30834480461  215055.1
6112.72818806478  216566.
6114.14803132496  216336.1
6115.56787458513  215256.3
6116.98771784531  215503.6
6118.40756110549  215819.7
6119.82740436566  216905.3
6121.24724762584  215603.8
6122.66709088601  215058.3
6124.08693414619  215185.3
6125.50677740636  216373.8
6126.92662066654  216476.1
6128.34646392671  216394.5
6129.76630718689  215304.2
6131.18615044707  215418.7
6132.60599370724  217231.1
6134.02583696742  215896.8
6135.44568022759  214966.5
6136.86552348777  214760.7
6138.28536674794  216290.4
6139.70521000812  215501.8
6141.1250532683  214380.5
6142.54489652847  215245.6
6143.96473978865  216250.1
6145.38458304882  215949.7
6146.804426309  216604.7
6148.22426956917  215786.8
6149.64411282935  216267.8
6151.06395608953  216189.1
6152.4837993497  215381.6
6153.90364260988  215653.8
6155.32348587005  215393.
6156.74332913023  214647.1
6158.1631723904  216412.1
6159.58301565058  215343.1
6161.00285891076  214419.
6162.42270217093  214985.4
6163.84254543111  214627.5
6165.26238869128  215954.1
6166.68223195146  214713.3
6168.10207521163  214121.6
6169.52191847181  214946.6
6170.94176173199  215491.3
6172.36160499216  216040.6
6173.78144825234  214821.5
6175.20129151251  214251.1
6176.62113477269  215190.3
6178.04097803286  215687.
6179.46082129304  214841.3
6180.88066455322  216075.4
6182.30050781339  215205.8
6183.72035107357  215570.6
6185.14019433374  216177.1
6186.56003759392  214941.8
6187.97988085409  215981.4
6189.39972411427  215888.7
6190.81956737445  215546.9
6192.23941063462  215794.6
6193.6592538948  215875.1
6195.07909715497  215442.2
6196.49894041515  215742.5
6197.91878367533  215709.3
6199.3386269355  216115.5
6200.75847019568  215230.5
6202.17831345585  215329.7
6203.59815671603  216003.9
6205.0179999762  215825.5
6206.43784323638  214352.1
6207.85768649655  215439.2
6209.27752975673  216192.1
6210.69737301691  215260.7
6212.11721627708  214306.7
6213.53705953726  213984.
6214.95690279743  215417.8
6216.37674605761  214795.6
6217.79658931778  213993.
6219.21643257796  213589.6
6220.63627583814  214417.7
6222.05611909831  215164.1
6223.47596235849  215674.6
6224.89580561866  215562.
6226.31564887884  214819.7
6227.73549213901  215278.2
6229.15533539919  214582.5
6230.57517865936  214077.4
6231.99502191954  214648.
6233.41486517972  215377.8
6234.83470843989  215550.7
6236.25455170007  215724.1
6237.67439496024  216089.
6239.09423822042  215027.2
6240.51408148059  215111.
6241.93392474077  214579.9
6243.35376800095  215234.2
6244.77361126112  215010.4
6246.1934545213  215569.4
6247.61329778147  216007.3
6249.03314104165  215213.9
6250.45298430183  214903.6
6251.872827562  213532.3
6253.29267082218  213490.6
6254.71251408235  214435.8
6256.13235734253  214285.9
6257.5522006027  214077.4
6258.97204386288  213379.4
6260.39188712306  215138.2
6261.81173038323  214015.8
6263.23157364341  213891.
6264.65141690358  212728.4
6266.07126016376  212216.8
6267.49110342394  212934.8
6268.91094668411  214422.
6270.33078994429  213883.3
6271.75063320446  212610.8
6273.17047646464  214503.8
6274.59031972481  212262.
6276.01016298499  210584.7
6277.43000624516  208154.1
6278.84984950534  208024.8
6280.26969276551  209698.4
6281.68953602569  211694.7
6283.10937928587  212109.8
6284.52922254604  213094.1
6285.94906580622  213911.5
6287.36890906639  213767.9
6288.78875232657  213791.5
6290.20859558674  211096.6
6291.62843884692  212580.5
6293.0482821071  211814.4
6294.46812536727  212821.7
6295.88796862745  211641.4
6297.30781188762  212113.6
6298.7276551478  212397.
6300.14749840797  211607.6
6301.56734166815  211623.8
6302.98718492833  212426.3
6304.4070281885  213593.1
6305.82687144868  211884.4
6307.24671470885  211870.8
6308.66655796903  212935.7
6310.0864012292  212710.9
6311.50624448938  212736.1
6312.92608774956  212293.7
6314.34593100973  212437.
6315.76577426991  212796.9
6317.18561753008  213547.4
6318.60546079026  212534.5
6320.02530405043  212839.1
6321.44514731061  212859.4
6322.86499057079  213644.8
6324.28483383096  213453.4
6325.70467709114  212285.8
6327.12452035131  212456.1
6328.54436361149  213769.7
6329.96420687166  213148.9
6331.38405013184  211272.9
6332.80389339202  212067.
6334.22373665219  213209.9
6335.64357991237  213385.
6337.06342317254  213126.3
6338.48326643272  213815.
6339.90310969289  212746.3
6341.32295295307  212140.8
6342.74279621325  213035.8
6344.16263947342  213157.
6345.5824827336  212107.3
6347.00232599377  212186.6
6348.42216925395  212913.6
6349.84201251412  212906.7
6351.2618557743  212242.
6352.68169903448  212861.9
6354.10154229465  213219.3
6355.52138555483  212851.4
6356.941228815  212734.8
6358.36107207518  212917.1
6359.78091533535  212714.8
6361.20075859553  212946.4
6362.6206018557  212478.1
6364.04044511588  213079.7
6365.46028837606  214155.7
6366.88013163623  213837.5
6368.29997489641  212873.5
6369.71981815658  212463.4
6371.13966141676  212454.4
6372.55950467694  212827.2
6373.97934793711  211265.3
6375.39919119729  212190.5
6376.81903445746  212595.7
6378.23887771764  212178.2
6379.65872097781  213353.3
6381.07856423799  212947.5
6382.49840749817  212967.2
6383.91825075834  213968.5
6385.33809401852  212406.6
6386.75793727869  213254.
6388.17778053887  213930.1
6389.59762379904  212929.5
6391.01746705922  213177.3
6392.43731031939  212110.5
6393.85715357957  212117.3
6395.27699683975  212406.6
6396.69684009992  213102.1
6398.1166833601  210606.7
6399.53652662027  210987.9
6400.95636988045  211397.
6402.37621314063  213538.4
6403.7960564008  213151.1
6405.21589966098  212993.
6406.63574292115  213102.2
6408.05558618133  211922.8
6409.4754294415  213059.2
6410.89527270168  213292.1
6412.31511596186  212486.7
6413.73495922203  212727.3
6415.15480248221  211910.8
6416.57464574238  211953.9
6417.99448900256  212916.7
6419.41433226273  212970.7
6420.83417552291  212934.9
6422.25401878309  212055.7
6423.67386204326  211846.7
6425.09370530344  212177.9
6426.51354856361  211962.9
6427.93339182379  212894.9
6429.35323508396  212155.6
6430.77307834414  212199.8
6432.19292160431  211814.1
6433.61276486449  211435.8
6435.03260812467  212558.4
6436.45245138484  212107.3
6437.87229464502  210627.8
6439.29213790519  208873.
6440.71198116537  210120.1
6442.13182442554  211551.2
6443.55166768572  211103.5
6444.9715109459  211209.4
6446.39135420607  213079.5
6447.81119746625  211692.7
6449.23104072642  211354.8
6450.6508839866  211488.1
6452.07072724678  211140.4
6453.49057050695  211547.8
6454.91041376713  213540.4
6456.3302570273  210983.3
6457.75010028748  210624.3
6459.16994354765  211102.4
6460.58978680783  211770.2
6462.00963006801  210801.7
6463.42947332818  211336.2
6464.84931658836  212477.8
6466.26915984853  212546.
6467.68900310871  211712.3
6469.10884636888  210601.4
6470.52868962906  210306.5
6471.94853288924  210285.
6473.36837614941  210400.9
6474.78821940959  209329.3
6476.20806266976  209426.
6477.62790592994  211163.4
6479.04774919011  212048.3
6480.46759245029  210840.9
6481.88743571047  210757.4
6483.30727897064  209733.2
6484.72712223082  210180.9
6486.14696549099  210669.5
6487.56680875117  210409.7
6488.98665201134  210463.1
6490.40649527152  210978.3
6491.82633853169  210466.2
6493.24618179187  210633.7
6494.66602505205  209082.1
6496.08586831222  208422.3
6497.5057115724  209212.9
6498.92555483257  209704.3
6500.34539809275  210903.
6501.76524135293  210869.
6503.1850846131  210264.3
6504.60492787328  209617.7
6506.02477113345  209132.1
6507.44461439363  210728.9
6508.8644576538  211165.4
6510.28430091398  209923.7
6511.70414417415  210086.
6513.12398743433  209703.
6514.54383069451  209116.1
6515.96367395468  209099.3
6517.38351721486  209599.3
6518.80336047503  209531.3
6520.22320373521  210186.8
6521.64304699539  211298.5
6523.06289025556  210692.
6524.48273351574  209859.5
6525.90257677591  209426.7
6527.32242003609  209181.3
6528.74226329626  208777.4
6530.16210655644  207664.7
6531.58194981661  209214.
6533.00179307679  207715.6
6534.42163633697  208063.4
6535.84147959714  210113.4
6537.26132285732  207686.2
6538.68116611749  207416.1
6540.10100937767  207995.1
6541.52085263784  207526.1
6542.94069589802  207425.3
6544.36053915819  205839.3
6545.78038241837  204403.1
6547.20022567855  204672.1
6548.62006893872  205606.8
6550.0399121989  204672.
6551.45975545907  202998.2
6552.87959871925  201910.7
6554.29944197943  200165.
6555.7192852396  198407.2
6557.13912849978  196527.5
6558.55897175995  191696.9
6559.97881502013  182322.2
6561.3986582803  165689.5
6562.81850154048  158870.1
6564.23834480066  171681.3
6565.65818806083  184862.5
6567.07803132101  193682.2
6568.49787458118  197600.8
6569.91771784136  198969.3
6571.33756110153  200799.6
6572.75740436171  202123.4
6574.17724762189  203326.9
6575.59709088206  205188.3
6577.01693414224  204556.4
6578.43677740241  206197.1
6579.85662066259  205992.5
6581.27646392276  207202.
6582.69630718294  206027.6
6584.11615044311  207285.7
6585.53599370329  207132.1
6586.95583696347  207747.1
6588.37568022364  207269.6
6589.79552348382  207050.9
6591.21536674399  207477.5
6592.63521000417  206753.7
6594.05505326434  206943.4
6595.47489652452  207624.5
6596.8947397847  207500.6
6598.31458304487  207728.1
6599.73442630505  207824.8
6601.15426956522  207312.6
6602.5741128254  207915.9
6603.99395608557  208466.7
6605.41379934575  208067.8
6606.83364260593  207997.5
6608.2534858661  207877.5
6609.67332912628  208020.5
6611.09317238645  207383.3
6612.51301564663  208706.4
6613.9328589068  208457.1
6615.35270216698  207082.2
6616.77254542716  208547.8
6618.19238868733  206822.9
6619.61223194751  207844.1
6621.03207520768  207368.7
6622.45191846786  207831.9
6623.87176172804  208194.6
6625.29160498821  208128.9
6626.71144824839  207614.3
6628.13129150856  207120.9
6629.55113476874  208391.3
6630.97097802891  206915.7
6632.39082128909  207343.3
6633.81066454926  207090.9
6635.23050780944  207556.2
6636.65035106962  207472.7
6638.07019432979  207405.1
6639.49003758997  207170.2
6640.90988085014  207377.3
6642.32972411032  206141.4
6643.74956737049  207512.7
6645.16941063067  208335.7
6646.58925389084  206659.3
6648.00909715102  206580.9
6649.4289404112  206286.5
6650.84878367137  206672.2
6652.26862693155  207048.
6653.68847019172  207185.9
6655.1083134519  206431.3
6656.52815671208  206950.9
6657.94799997225  206545.9
6659.36784323243  206497.
6660.7876864926  206992.3
6662.20752975278  206277.9
6663.62737301295  206663.1
6665.04721627313  207299.1
6666.46705953331  206528.5
6667.88690279348  207181.5
6669.30674605366  207141.6
6670.72658931383  206139.9
6672.14643257401  207229.3
6673.56627583418  207348.5
6674.98611909436  207880.1
6676.40596235454  206578.8
6677.82580561471  206179.4
6679.24564887489  206450.6
6680.66549213506  206601.8
6682.08533539524  207347.7
6683.50517865541  206372.3
6684.92502191559  206572.9
6686.34486517576  206849.2
6687.76470843594  206469.8
6689.18455169612  205274.
6690.60439495629  205691.7
6692.02423821647  206294.4
6693.44408147664  206449.1
6694.86392473682  205559.1
6696.283767997  205553.1
6697.70361125717  206229.4
6699.12345451735  205391.5
6700.54329777752  206303.6
6701.9631410377  206416.2
6703.38298429787  207243.8
6704.80282755805  206353.
6706.22267081822  206122.1
6707.6425140784  205045.1
6709.06235733858  204703.4
6710.48220059875  205816.8
6711.90204385893  206308.2
6713.3218871191  206790.9
6714.74173037928  205505.8
6716.16157363945  206025.3
6717.58141689963  206429.
6719.00126015981  204875.8
6720.42110341998  206045.5
6721.84094668016  204694.3
6723.26078994033  205146.
6724.68063320051  206542.4
6726.10047646068  206629.4
6727.52031972086  206386.3
6728.94016298104  204934.7
6730.36000624121  205268.8
6731.77984950139  205466.2
6733.19969276156  206294.1
6734.61953602174  206547.
6736.03937928191  205609.2
6737.45922254209  205215.3
6738.87906580227  205716.5
6740.29890906244  205871.5
6741.71875232262  205020.2
6743.13859558279  205207.
6744.55843884297  205503.6
6745.97828210314  206057.4
6747.39812536332  204044.2
6748.8179686235  203714.2
6750.23781188367  204113.7
6751.65765514385  205259.3
6753.07749840402  204202.6
6754.4973416642  204043.7
6755.91718492437  204698.1
6757.33702818455  204743.
6758.75687144473  204349.8
6760.1767147049  203630.5
6761.59655796508  205374.
6763.01640122525  205192.
6764.43624448543  204038.8
6765.8560877456  203455.5
6767.27593100578  202484.6
6768.69577426596  203144.2
6770.11561752613  204166.8
6771.53546078631  204651.9
6772.95530404648  203223.9
6774.37514730666  203701.
6775.79499056684  204275.5
6777.21483382701  203606.5
6778.63467708719  203640.1
6780.05452034736  202541.7
6781.47436360754  203279.8
6782.89420686771  203806.8
6784.31405012789  203051.
6785.73389338806  203656.3
6787.15373664824  204282.3
6788.57357990842  204334.1
6789.99342316859  204395.1
6791.41326642877  204154.9
6792.83310968894  203627.5
6794.25295294912  202506.7
6795.67279620929  202472.7
6797.09263946947  203018.9
6798.51248272965  201858.4
6799.93232598982  201827.3
6801.35216925  202146.3
6802.77201251017  201894.5
6804.19185577035  202601.4
6805.61169903052  201591.3
6807.0315422907  201345.6
6808.45138555087  202697.
6809.87122881105  202357.9
6811.29107207123  202207.4
6812.7109153314  201379.2
6814.13075859158  201597.1
6815.55060185175  203060.5
6816.97044511193  202297.3
6818.39028837211  201690.9
6819.81013163228  201588.3
6821.22997489246  202259.7
6822.64981815263  202665.9
6824.06966141281  202464.
6825.48950467299  201816.7
6826.90934793316  201767.2
6828.32919119334  202579.6
6829.74903445351  202560.8
6831.16887771369  201039.2
6832.58872097386  201375.1
6834.00856423404  201431.5
6835.42840749421  201509.4
6836.84825075439  201612.8
6838.26809401457  202228.2
6839.68793727474  201684.7
6841.10778053492  201201.6
6842.52762379509  199878.8
6843.94746705527  200840.3
6845.36731031544  200711.8
6846.78715357562  201575.3
6848.2069968358  201099.7
6849.62684009597  200196.8
6851.04668335615  201358.3
6852.46652661632  200444.1
6853.8863698765  199877.8
6855.30621313667  200264.
6856.72605639685  200810.9
6858.14589965702  202510.
6859.5657429172  201703.7
6860.98558617738  200811.3
6862.40542943755  200759.5
6863.82527269773  198699.1
6865.2451159579  188270.4
6866.66495921808  172524.5
6868.08480247825  167189.4
6869.50464573843  168497.6
6870.92448899861  171936.6
6872.34433225878  174136.9
6873.76417551896  176595.2
6875.18401877913  181095.8
6876.60386203931  184404.3
6878.02370529949  188066.9
6879.44354855966  193807.
6880.86339181984  195450.7
6882.28323508001  193127.6
6883.70307834019  188770.1
6885.12292160036  187177.7
6886.54276486054  185859.1
6887.96260812071  184913.1
6889.38245138089  186755.2
6890.80229464107  184989.8
6892.22213790124  187462.4
6893.64198116142  188039.2
6895.06182442159  186468.5
6896.48166768177  190407.
6897.90151094195  190210.7
6899.32135420212  188649.3
6900.7411974623  191050.2
6902.16104072247  190664.7
6903.58088398265  188723.5
6905.00072724282  192370.5
6906.420570503  191913.
6907.84041376317  190305.7
6909.26025702335  193675.3
6910.68010028353  193292.8
6912.0999435437  191991.5
6913.51978680388  192525.1
6914.93963006405  195453.4
6916.35947332423  193346.9
6917.7793165844  193322.6
6919.19915984458  196228.6
6920.61900310476  196436.1
6922.03884636493  194270.9
6923.45868962511  194386.4
6924.87853288528  196692.4
6926.29837614546  196460.5
6927.71821940563  194714.6
6929.13806266581  194877.2
6930.55790592599  195699.9
6931.97774918616  196647.5
6933.39759244634  194858.1
6934.81743570651  194712.3
6936.23727896669  195921.6
6937.65712222686  196017.9
6939.07696548704  194598.1
6940.49680874722  194391.8
6941.91665200739  194910.
6943.33649526757  196456.1
6944.75633852774  195801.9
6946.17618178792  193903.8
6947.59602504809  195901.5
6949.01586830827  197584.
6950.43571156845  196964.9
6951.85555482862  196146.2
6953.2753980888  195705.9
6954.69524134897  195077.5
6956.11508460915  194426.6
6957.53492786932  195699.6
6958.9547711295  196105.2
6960.37461438968  195132.3
6961.79445764985  196065.5
6963.21430091003  195621.3
6964.6341441702  196570.3
6966.05398743038  196679.3
6967.47383069055  195673.
6968.89367395073  196087.5
6970.3135172109  196713.1
6971.73336047108  197477.1
6973.15320373126  196808.4
6974.57304699143  197238.7
6975.99289025161  197246.3
6977.41273351178  196004.3
6978.83257677196  195399.5
6980.25242003214  196050.8
6981.67226329231  196967.8
6983.09210655249  195705.
6984.51194981266  194545.4
6985.93179307284  194930.8
6987.35163633302  195748.2
6988.77147959319  195485.4
6990.19132285337  195577.1
6991.61116611354  196004.9
6993.03100937372  194699.5
6994.45085263389  195174.6
6995.87069589407  194862.6
6997.29053915424  195871.
6998.71038241442  196593.
7000.1302256746  195629.9
7001.55006893477  194684.8
7002.96991219495  194585.8
7004.38975545512  194052.4
7005.8095987153  196070.3
7007.22944197547  195550.7
7008.64928523565  194041.1
7010.06912849582  195703.1
7011.488971756  196399.4
7012.90881501618  194870.8
7014.32865827635  193709.9
7015.74850153653  195485.9
7017.1683447967  195524.5
7018.58818805688  195421.2
7020.00803131705  195346.2
7021.42787457723  194946.
7022.84771783741  194124.2
7024.26756109758  193486.2
7025.68740435776  192855.2
7027.10724761793  192539.9
7028.52709087811  193465.7
7029.94693413829  194124.7
7031.36677739846  195531.8
7032.78662065864  195039.6
7034.20646391881  195243.9
7035.62630717899  194058.8
7037.04615043916  194589.
7038.46599369934  194667.8
7039.88583695952  193131.2
7041.30568021969  194628.5
7042.72552347987  194164.3
7044.14536674004  194099.8
7045.56521000022  194926.6
7046.9850532604  195024.5
7048.40489652057  194609.3
7049.82473978075  193523.8
7051.24458304092  193263.5
7052.6644263011  194967.6
7054.08426956127  193762.
7055.50411282145  195404.2
7056.92395608162  194623.8
7058.3437993418  193291.7
7059.76364260198  194608.2
7061.18348586215  194691.
7062.60332912233  193237.5
7064.0231723825  193179.7
7065.44301564268  194597.8
7066.86285890285  193758.6
7068.28270216303  193920.9
7069.7025454232  194131.6
7071.12238868338  193702.4
7072.54223194356  194086.2
7073.96207520373  193244.7
7075.38191846391  192857.2
7076.80176172408  191851.5
7078.22160498426  193241.5
7079.64144824444  192689.9
7081.06129150461  192010.4
7082.48113476479  193518.7
7083.90097802496  192682.6
7085.32082128514  193021.1
7086.74066454531  192949.7
7088.16050780549  191474.4
7089.58035106566  192134.1
7091.00019432584  192319.
7092.42003758602  191906.1
7093.83988084619  192699.7
7095.25972410637  191612.3
7096.67956736654  192313.2
7098.09941062672  192645.9
7099.5192538869  191164.9
7100.93909714707  192386.1
7102.35894040725  192470.5
7103.77878366742  191109.1
7105.1986269276  191610.4
7106.61847018777  192158.8
7108.03831344795  193139.9
7109.45815670812  192305.4
7110.8779999683  191417.
7112.29784322848  192950.4
7113.71768648865  192325.1
7115.13752974883  191300.4
7116.557373009  190604.6
7117.97721626918  190403.6
7119.39705952935  192063.4
7120.81690278953  192416.9
7122.23674604971  192388.7
7123.65658930988  192340.2
7125.07643257006  193368.7
7126.49627583023  192979.1
7127.91611909041  193210.7
7129.33596235058  191343.3
7130.75580561076  191366.7
7132.17564887094  191171.8
7133.59549213111  192676.6
7135.01533539129  192316.3
7136.43517865146  192577.3
7137.85502191164  192206.4
7139.27486517181  192765.9
7140.69470843199  191828.
7142.11455169217  192048.2
7143.53439495234  191177.8
7144.95423821252  191223.8
7146.37408147269  191691.6
7147.79392473287  192005.3
7149.21376799304  191618.7
7150.63361125322  192271.1
7152.0534545134  192053.7
7153.47329777357  192788.4
7154.89314103375  192570.3
7156.31298429392  190749.8
7157.7328275541  190686.3
7159.15267081427  191433.
7160.57251407445  192591.9
7161.99235733463  190753.4
7163.4122005948  192221.6
7164.83204385498  190749.7
7166.25188711515  189550.8
7167.67173037533  189592.1
7169.0915736355  188687.4
7170.51141689568  188232.2
7171.93126015585  186067.4
7173.35110341603  187363.2
7174.77094667621  187550.
7176.19078993638  186009.4
7177.61063319656  188359.
7179.03047645673  188617.6
7180.45031971691  187395.9
7181.87016297709  186417.6
7183.29000623726  183494.
7184.70984949744  180226.3
7186.12969275761  182760.7
7187.54953601779  186853.5
7188.96937927796  186337.5
7190.38922253814  184892.4
7191.80906579832  184081.6
7193.22890905849  184891.2
7194.64875231867  186426.5
7196.06859557884  186472.1
7197.48843883902  187245.
7198.9082820992  183337.8
7200.32812535937  183141.3
7201.74796861955  184680.5
7203.16781187972  186361.2
7204.5876551399  184462.7
7206.00749840007  185918.5
7207.42734166025  186535.5
7208.84718492042  187331.2
7210.2670281806  188924.6
7211.68687144078  188967.9
7213.10671470095  187801.3
7214.52655796113  187504.2
7215.9464012213  187271.5
7217.36624448148  188091.3
7218.78608774165  187931.1
7220.20593100183  187896.3
7221.625774262  186987.8
7223.04561752218  186299.5
7224.46546078235  188312.4
7225.88530404253  188000.9
7227.30514730271  187032.2
7228.72499056288  188181.3
7230.14483382306  187157.4
7231.56467708323  183780.8
7232.98452034341  181235.5
7234.40436360359  183615.
7235.82420686376  187138.2
7237.24405012394  188171.8
7238.66389338411  184599.3
7240.08373664429  184065.8
7241.50357990447  183737.3
7242.92342316464  183761.5
7244.34326642482  185332.6
7245.76310968499  186165.7
7247.18295294517  186434.6
7248.60279620535  186733.2
7250.02263946552  185733.
7251.4424827257  182568.
7252.86232598587  183385.8
7254.28216924605  185643.1
7255.70201250622  186966.3
7257.1218557664  185974.4
7258.54169902657  185184.5
7259.96154228675  186011.1
7261.38138554693  185510.1
7262.8012288071  183769.
7264.22107206728  183295.3
7265.64091532745  185148.1
7267.06075858763  186601.8
7268.4806018478  187248.3
7269.90044510798  186980.4
7271.32028836815  185678.6
7272.74013162833  184134.
7274.15997488851  183590.9
7275.57981814868  181706.3
7276.99966140886  182699.5
7278.41950466903  185742.5
7279.83934792921  186324.4
7281.25919118938  186658.6
7282.67903444956  187792.
7284.09887770974  187688.2
7285.51872096991  186430.3
7286.93856423009  184302.
7288.35840749026  184143.1
7289.77825075044  182531.4
7291.19809401061  184511.9
7292.61793727079  184509.
7294.03778053097  184875.8
7295.45762379114  186552.6
7296.87746705132  185601.
7298.29731031149  185472.2
7299.71715357167  184281.4
7301.13699683185  184293.8
7302.55684009202  183228.8
7303.9766833522  184175.9
7305.39652661237  185585.4
7306.81636987255  184952.1
7308.23621313272  184020.7
7309.6560563929  184901.9
7311.07589965307  186071.3
7312.49574291325  185842.5
7313.91558617343  185383.
7315.3354294336  185479.3
7316.75527269378  184631.5
7318.17511595395  185707.5
7319.59495921413  185670.4
7321.0148024743  185395.6
7322.43464573448  185616.9
7323.85448899466  186626.3
7325.27433225483  186174.7
7326.69417551501  186706.1
7328.11401877518  186104.
7329.53386203536  185762.1
7330.95370529553  185873.6
7332.37354855571  184527.8
7333.79339181589  184728.1
7335.21323507606  185360.1
7336.63307833624  185443.5
7338.05292159641  186293.
7339.47276485659  186528.8
7340.89260811676  185551.3
7342.31245137694  185259.9
7343.73229463712  185616.8
7345.15213789729  186111.5
7346.57198115747  185908.1
7347.99182441764  185581.3
7349.41166767782  186287.6
7350.83151093799  186067.5
7352.25135419817  185714.6
7353.67119745835  185240.8
7355.09104071852  185400.2
7356.5108839787  183783.4
7357.93072723887  184305.5
7359.35057049905  186978.2
7360.77041375922  184116.3
7362.1902570194  184069.9
7363.61010027958  184070.2
7365.02994353975  184242.1
7366.44978679993  186080.3
7367.8696300601  185175.
7369.28947332028  184928.5
7370.70931658045  184794.5
7372.12915984063  184204.
7373.5490031008  184117.4
7374.96884636098  184991.
7376.38868962116  185451.9
7377.80853288133  185086.6
7379.22837614151  185874.
7380.64821940168  184171.8
7382.06806266186  183584.8
7383.48790592204  184138.3
7384.90774918221  183751.
7386.32759244239  185125.5
7387.74743570256  185198.1
7389.16727896274  183649.6
7390.58712222291  183470.6
7392.00696548309  184330.7
7393.42680874326  183705.6
7394.84665200344  184009.6
7396.26649526362  184023.8
7397.68633852379  183823.
7399.10618178397  184499.8
7400.52602504414  184845.4
7401.94586830432  183210.9
7403.3657115645  183242.5
7404.78555482467  184272.7
7406.20539808485  183363.1
7407.62524134502  183643.7
7409.0450846052  183070.4
7410.46492786538  183545.7
7411.88477112555  183063.2
7413.30461438573  181545.1
7414.7244576459  184624.2
7416.14430090608  183974.7
7417.56414416625  183328.3
7418.98398742643  182858.4
7420.4038306866  182116.9
7421.82367394678  182427.8
7423.24351720695  182423.3
7424.66336046713  182372.3
7426.08320372731  184116.2
7427.50304698748  183011.9
7428.92289024766  183324.1
7430.34273350783  182161.9
7431.76257676801  183464.7
7433.18242002818  182892.7
7434.60226328836  183208.3
7436.02210654854  181693.3
7437.44194980871  182564.
7438.86179306889  183089.3
7440.28163632906  182377.7
7441.70147958924  181577.
7443.12132284941  181655.9
7444.54116610959  182142.3
7445.96100936977  182009.
7447.38085262994  182244.2
7448.80069589012  181617.7
7450.22053915029  181536.2
7451.64038241047  182064.1
7453.06022567065  181942.
7454.48006893082  181529.6
7455.899912191  181408.5
7457.31975545117  181931.2
7458.73959871135  180844.6
7460.15944197152  181077.3
7461.5792852317  181159.1
7462.99912849188  180837.8
7464.41897175205  180992.2
7465.83881501223  181132.6
7467.2586582724  179829.8
7468.67850153258  181129.3
7470.09834479275  180838.1
7471.51818805293  180252.9
7472.9380313131  180306.1
7474.35787457328  181267.3
7475.77771783346  181027.5
7477.19756109363  181171.3
7478.61740435381  180922.7
7480.03724761398  181471.8
7481.45709087416  181628.1
7482.87693413434  181956.3
7484.29677739451  181227.
7485.71662065469  180528.3
7487.13646391486  179735.3
7488.55630717504  180601.8
7489.97615043521  180798.5
7491.39599369539  180118.5
7492.81583695556  180814.1
7494.23568021574  180879.6
7495.65552347592  180481.
7497.07536673609  180553.5
7498.49520999627  180401.1
7499.91505325644  180220.4
7501.33489651662  179117.4
7502.7547397768  179554.6
7504.17458303697  180932.5
7505.59442629715  179411.2
7507.01426955732  180829.4
7508.4341128175  181611.5
7509.85395607767  181482.7
7511.27379933785  178700.8
7512.69364259802  178352.2
7514.1134858582  178818.6
7515.53332911838  179843.9
7516.95317237855  179143.6
7518.37301563873  179697.3
7519.7928588989  179994.1
7521.21270215908  179400.3
7522.63254541925  180005.3
7524.05238867943  179384.6
7525.47223193961  179657.8
7526.89207519978  179156.4
7528.31191845996  178809.8
7529.73176172013  179223.4
7531.15160498031  179105.
7532.57144824048  178950.3
7533.99129150066  178552.8
7535.41113476084  178554.1
7536.83097802101  179419.4
7538.25082128119  179180.
7539.67066454136  178668.2
7541.09050780154  180415.1
7542.51035106171  180120.1
7543.93019432189  178994.5
7545.35003758207  178278.5
7546.76988084224  178058.4
7548.18972410242  179625.4
7549.60956736259  177742.9
7551.02941062277  176984.2
7552.44925388294  177800.8
7553.86909714312  177091.5
7555.2889404033  177549.6
7556.70878366347  178663.4
7558.12862692365  177766.8
7559.54847018382  178097.8
7560.968313444  177726.5
7562.38815670417  176608.4
7563.80799996435  177446.1
7565.22784322453  178314.9
7566.6476864847  177994.
7568.06752974488  176980.
7569.48737300505  176479.1
7570.90721626523  176622.9
7572.3270595254  175449.
7573.74690278558  176136.6
7575.16674604575  177901.6
7576.58658930593  176538.2
7578.00643256611  176248.5
7579.42627582628  177701.3
7580.84611908646  178523.4
7582.26596234663  175366.8
7583.68580560681  177281.5
7585.10564886699  176205.4
7586.52549212716  176783.4
7587.94533538734  176339.8
7589.36517864751  176044.9
7590.78502190769  176703.
7592.20486516786  173050.9
7593.62470842804  158707.
7595.04455168821  141991.5
7596.46439494839  132513.5
7597.88423820857  128053.4
7599.30408146874  123052.1
7600.72392472892  117531.6
7602.14376798909  114314.8
7603.56361124927  113136.
7604.98345450945  112188.8
7606.40329776962  112363.8
7607.8231410298  114226.1
7609.24298428997  116867.7
7610.66282755015  119849.5
7612.08267081032  123392.5
7613.5025140705  129714.2
7614.92235733068  136017.
7616.34220059085  145832.5
7617.76204385103  160060.5
7619.1818871112  165411.8
7620.60173037138  157523.8
7622.02157363155  149453.4
7623.44141689173  138379.2
7624.86126015191  137062.2
7626.28110341208  137201.2
7627.70094667226  131989.6
7629.12078993243  136518.5
7630.54063319261  137285.2
7631.96047645278  131310.2
7633.38031971296  137335.
7634.80016297313  139072.9
7636.22000623331  133411.4
7637.63984949349  140820.3
7639.05969275366  142832.6
7640.47953601384  136220.1
7641.89937927401  144913.7
7643.31922253419  150526.7
7644.73906579436  141045.7
7646.15890905454  144247.7
7647.57875231471  155408.7
7648.99859557489  149762.2
7650.41843883507  146679.7
7651.83828209524  155823.3
7653.25812535542  159021.2
7654.67796861559  152482.
7656.09781187577  154841.8
7657.51765513595  163450.9
7658.93749839612  161495.
7660.3573416563  155840.3
7661.77718491647  160736.2
7663.19702817665  167856.
7664.61687143682  164706.7
7666.036714697  159601.9
7667.45655795718  164095.3
7668.87640121735  169268.4
7670.29624447753  168030.4
7671.7160877377  164471.5
7673.13593099788  166728.4
7674.55577425805  171425.8
7675.97561751823  170354.
7677.39546077841  166293.3
7678.81530403858  167669.8
7680.23514729876  170993.1
7681.65499055893  172076.7
7683.07483381911  169824.5
7684.49467707928  169386.3
7685.91452033946  171393.2
7687.33436359964  172143.7
7688.75420685981  171744.9
7690.17405011999  170133.2
7691.59389338016  169489.3
7693.01373664034  171904.1
7694.43357990051  172499.9
7695.85342316069  171653.
7697.27326642087  170510.5
7698.69310968104  171788.5
7700.11295294122  171546.1
7701.53279620139  171444.7
7702.95263946157  170470.5
7704.37248272174  171531.1
7705.79232598192  172655.3
7707.2121692421  172744.2
7708.63201250227  172319.6
7710.05185576245  171844.2
7711.47169902262  171204.4
7712.8915422828  170788.3
7714.31138554297  171115.8
7715.73122880315  171526.8
7717.15107206332  171813.
7718.5709153235  172057.1
7719.99075858368  171591.7
7721.41060184385  171048.8
7722.83044510403  171844.5
7724.2502883642  171591.4
7725.67013162438  171629.2
7727.08997488456  171822.2
7728.50981814473  170779.9
7729.92966140491  171801.8
7731.34950466508  170554.4
7732.76934792526  170230.3
7734.18919118543  171114.9
7735.60903444561  170376.6
7737.02887770578  170297.3
7738.44872096596  171025.8
7739.86856422614  170726.6
7741.28840748631  171164.4
7742.70825074649  171331.9
7744.12809400666  169397.5
7745.54793726684  169216.
7746.96778052701  170667.5
7748.38762378719  171128.5
7749.80746704737  169653.3
7751.22731030754  169732.4
7752.64715356772  169331.6
7754.06699682789  170352.
7755.48684008807  169728.9
7756.90668334824  169574.6
7758.32652660842  170731.6
7759.7463698686  170836.3
7761.16621312877  170327.6
7762.58605638895  169886.1
7764.00589964912  170034.5
7765.4257429093  170004.6
7766.84558616947  169171.7
7768.26542942965  169321.1
7769.68527268983  170340.7
7771.10511595  170321.
7772.52495921018  168233.3
7773.94480247035  168820.8
7775.36464573053  169855.4
7776.78448899071  168566.1
7778.20433225088  168594.6
7779.62417551106  168170.6
7781.04401877123  168067.3
7782.46386203141  167328.9
7783.88370529158  168480.
7785.30354855176  169682.9
7786.72339181193  168868.7
7788.14323507211  167637.5
7789.56307833229  167076.4
7790.98292159246  167757.6
7792.40276485264  168726.1
7793.82260811281  169268.5
7795.24245137299  167979.5
7796.66229463316  168106.
7798.08213789334  169183.9
7799.50198115351  166937.3
7800.92182441369  166941.6
7802.34166767387  168056.5
7803.76151093404  168290.5
7805.18135419422  166895.4
7806.60119745439  167454.7
7808.02104071457  168084.1
7809.44088397474  167723.5
7810.86072723492  167916.3
7812.2805704951  167763.1
7813.70041375527  168468.6
7815.12025701545  168553.2
7816.54010027562  166806.5
7817.9599435358  167041.7
7819.37978679598  167745.
7820.79963005615  167033.1
7822.21947331633  166563.
7823.6393165765  166537.5
7825.05915983668  168024.7
7826.47900309686  167190.6
7827.89884635703  166974.7
7829.31868961721  166819.6
7830.73853287738  166751.6
7832.15837613756  166959.4
7833.57821939773  165363.5
7834.99806265791  165467.1
7836.41790591808  167271.6
7837.83774917826  166068.8
7839.25759243844  165903.6
7840.67743569861  165312.8
7842.09727895879  165966.
7843.51712221896  167408.6
7844.93696547914  165787.2
7846.35680873931  165477.6
7847.77665199949  165177.6
7849.19649525967  164974.4
7850.61633851984  166287.
7852.03618178002  166387.4
7853.45602504019  165735.3
7854.87586830037  165466.9
7856.29571156054  165232.2
7857.71555482072  166133.7
7859.13539808089  165842.1
7860.55524134107  166051.7
7861.97508460125  164993.5
7863.39492786142  163840.4
7864.8147711216  164906.6
7866.23461438177  164422.1
7867.65445764195  164351.9
7869.07430090213  165486.7
7870.4941441623  165812.9
7871.91398742248  165883.
7873.33383068265  165088.9
7874.75367394283  164149.8
7876.173517203  164091.5
7877.59336046318  163689.4
7879.01320372336  164066.4
7880.43304698353  163769.4
7881.85289024371  164506.
7883.27273350388  163389.9
7884.69257676406  162926.9
7886.11242002423  164315.7
7887.53226328441  163901.6
7888.95210654459  163527.5
7890.37194980476  164127.2
7891.79179306494  164112.2
7893.21163632511  163289.4
7894.63147958529  161895.
7896.05132284546  161939.7
7897.47116610564  163618.5
7898.89100936581  163111.5
7900.31085262599  162462.5
7901.73069588617  163138.6
7903.15053914634  164125.2
7904.57038240652  162807.5
7905.99022566669  162598.9
7907.41006892687  162320.7
7908.82991218705  163711.7
7910.24975544722  163396.5
7911.6695987074  160942.8
7913.08944196757  161169.9
7914.50928522775  162679.7
7915.92912848792  162531.4
7917.3489717481  162624.8
7918.76881500827  162609.2
7920.18865826845  162102.3
7921.60850152863  161687.2
7923.0283447888  161318.5
7924.44818804898  160321.1
7925.86803130915  161286.7
7927.28787456933  163152.8
7928.70771782951  162996.4
7930.12756108968  162250.3
7931.54740434986  162597.6
7932.96724761003  160901.9
7934.38709087021  159701.1
7935.80693413038  161771.9
7937.22677739056  161346.5
7938.64662065073  160713.
7940.06646391091  161360.2
7941.48630717109  161682.8
7942.90615043126  162550.5
7944.32599369144  162455.2
7945.74583695161  161417.3
7947.16568021179  160924.
7948.58552347196  160415.8
7950.00536673214  160822.4
7951.42520999231  161025.9
7952.84505325249  160233.5
7954.26489651267  160295.5
7955.68473977284  160412.3
7957.10458303302  160728.
7958.52442629319  161294.4
7959.94426955337  159565.5
7961.36411281355  160527.
7962.78395607372  161463.2
7964.2037993339  160259.5
7965.62364259407  159807.3
7967.04348585425  160185.3
7968.46332911442  159867.3
7969.8831723746  159117.4
7971.30301563477  158958.7
7972.72285889495  160153.1
7974.14270215513  160874.2
7975.5625454153  159167.9
7976.98238867548  158737.1
7978.40223193565  159235.2
7979.82207519583  159830.7
7981.24191845601  159298.6
7982.66176171618  158699.8
7984.08160497636  158412.
7985.50144823653  159758.9
7986.92129149671  161041.2
7988.34113475689  159857.5
7989.76097801706  159153.3
7991.18082127724  160101.
7992.60066453741  159764.4
7994.02050779759  159269.1
7995.44035105776  158351.5
7996.86019431794  158228.7
7998.28003757811  158358.4
7999.69988083829  158153.7
8001.11972409846  157643.1
8002.53956735864  158016.1
8003.95941061882  158054.8
8005.37925387899  158802.7
8006.79909713917  159961.2
8008.21894039934  158988.5
8009.63878365952  157678.2
8011.0586269197  157775.5
8012.47847017987  158178.7
8013.89831344005  159129.4
8015.31815670022  158712.4
8016.7379999604  157782.2
8018.15784322057  157949.
8019.57768648075  157958.5
8020.99752974092  157081.8
8022.4173730011  158024.
8023.83721626128  158054.5
8025.25705952145  156631.7
8026.67690278163  157357.3
8028.0967460418  156762.6
8029.51658930198  156489.8
8030.93643256215  156470.8
8032.35627582233  156594.2
8033.77611908251  156709.5
8035.19596234268  157408.2
8036.61580560286  158140.7
8038.03564886303  157022.4
8039.45549212321  156278.5
8040.87533538339  156702.5
8042.29517864356  156367.
8043.71502190374  156137.4
8045.13486516391  156807.7
8046.55470842409  157264.
8047.97455168426  156549.7
8049.39439494444  156486.6
8050.81423820461  155951.
8052.23408146479  156250.3
8053.65392472497  157174.9
8055.07376798514  157192.3
8056.49361124532  156302.9
8057.91345450549  155344.5
8059.33329776567  155738.8
8060.75314102585  156192.8
8062.17298428602  155042.5
8063.5928275462  156812.9
8065.01267080637  155913.5
8066.43251406655  156060.5
8067.85235732672  155616.5
8069.2722005869  154469.6
8070.69204384707  155404.5
8072.11188710725  157122.3
8073.53173036743  156662.7
8074.9515736276  155446.2
8076.37141688778  155548.8
8077.79126014795  155218.3
8079.21110340813  154643.5
8080.6309466683  155330.5
8082.05078992848  155547.
8083.47063318866  154369.4
8084.89047644883  154133.
8086.31031970901  154697.9
8087.73016296918  154722.7
8089.15000622936  154759.3
8090.56984948954  154803.8
8091.98969274971  155319.4
8093.40953600989  155569.3
8094.82937927006  153988.6
8096.24922253024  155220.7
8097.66906579041  154650.6
8099.08890905059  154654.4
8100.50875231076  153711.6
8101.92859557094  153747.5
8103.34843883112  153567.4
8104.76828209129  153620.9
8106.18812535147  153753.9
8107.60796861164  153189.3
8109.02781187182  153956.4
8110.447655132  154196.2
8111.86749839217  152139.
8113.28734165235  153442.6
8114.70718491252  153429.5
8116.1270281727  153129.5
8117.54687143287  152060.3
8118.96671469305  152022.
8120.38655795322  152209.2
8121.8064012134  152672.8
8123.22624447358  153239.5
8124.64608773375  152437.7
8126.06593099393  152098.5
8127.4857742541  151306.3
8128.90561751428  152060.9
8130.32546077446  152949.5
8131.74530403463  152005.2
8133.16514729481  152221.1
8134.58499055498  152311.5
8136.00483381516  152761.5
8137.42467707533  152436.3
8138.84452033551  150821.2
8140.26436359568  151223.5
8141.68420685586  151384.6
8143.10405011604  150939.8
8144.52389337621  151400.4
8145.94373663639  150694.
8147.36357989656  150592.
8148.78342315674  149788.3
8150.20326641691  150224.
8151.62310967709  150623.9
8153.04295293726  149738.7
8154.46279619744  149619.
8155.88263945762  149900.2
8157.30248271779  150136.
8158.72232597797  149108.5
8160.14216923814  148860.5
8161.56201249832  149205.1
8162.9818557585  149246.6
8164.40169901867  149095.2
8165.82154227885  149032.
8167.24138553902  147208.6
8168.6612287992  145199.5
8170.08107205937  146081.
8171.50091531955  147475.
8172.92075857973  148758.
8174.3406018399  147969.
8175.76044510008  145474.
8177.18028836025  148000.5
8178.60013162043  149888.7
8180.01997488061  149801.3
8181.43981814078  149320.9
8182.85966140096  146987.9
8184.27950466113  145187.5
8185.69934792131  147063.4
8187.11919118148  148173.
8188.53903444166  147979.5
8189.95887770183  148479.5
8191.37872096201  148590.5
8192.79856422218  147638.1
8194.21840748236  146681.6
8195.63825074254  146966.1
8197.05809400271  147592.1
8198.47793726289  147669.2
8199.89778052306  147646.6
8201.31762378324  147969.3
8202.73746704342  148536.4
8204.15731030359  146812.9
8205.57715356377  146172.9
8206.99699682394  147761.6
8208.41684008412  149856.2
8209.83668334429  149615.4
8211.25652660447  149201.6
8212.67636986464  149782.9
8214.09621312482  149075.2
8215.516056385  148417.4
8216.93589964517  147828.5
8218.35574290535  148881.6
8219.77558616552  148546.4
8221.1954294257  147196.5
8222.61527268588  147087.5
8224.03511594605  147969.
8225.45495920623  147218.9
8226.8748024664  146538.8
8228.29464572658  147796.6
8229.71448898675  147578.2
8231.13433224693  146672.9
8232.5541755071  144456.4
8233.97401876728  142453.
8235.39386202746  139637.2
8236.81370528763  140610.3
8238.23354854781  141317.5
8239.65339180798  143164.6
8241.07323506816  146283.9
8242.49307832833  145669.9
8243.91292158851  146856.2
8245.33276484869  146919.1
8246.75260810886  146810.4
8248.17245136904  147206.7
8249.59229462921  146270.8
8251.01213788939  145767.5
8252.43198114957  146925.1
8253.85182440974  147684.1
8255.27166766992  146953.7
8256.69151093009  146559.4
8258.11135419027  146970.
8259.53119745044  146943.4
8260.95104071062  146348.1
8262.37088397079  144611.
8263.79072723097  144228.4
8265.21057049115  144616.7
8266.63041375132  144710.6
8268.0502570115  145382.2
8269.47010027167  146548.7
8270.88994353185  146395.8
8272.30978679203  145520.8
8273.7296300522  146899.1
8275.14947331238  147105.2
8276.56931657255  146212.5
8277.98915983273  146356.3
8279.4090030929  146463.2
8280.82884635308  144713.8
8282.24868961325  143284.8
8283.66853287343  144175.9
8285.08837613361  144310.4
8286.50821939378  143565.9
8287.92806265396  144401.2
8289.34790591413  143373.6
8290.76774917431  143379.3
8292.18759243448  145004.5
8293.60743569466  145406.2
8295.02727895484  143868.
8296.44712221501  142684.9
8297.86696547519  143568.8
8299.28680873536  145312.
8300.70665199554  145491.8
8302.12649525571  143889.1
8303.54633851589  143737.4
8304.96618177607  144440.8
8306.38602503624  145515.8
8307.80586829642  144746.3
8309.22571155659  143433.2
8310.64555481677  144408.5
8312.06539807694  143933.4
8313.48524133712  143062.9
8314.90508459729  143296.8
8316.32492785747  143711.2
8317.74477111765  144391.6
8319.16461437782  144707.9
8320.584457638  144756.
8322.00430089817  145068.4
8323.42414415835  144614.
8324.84398741852  143233.8
8326.2638306787  143416.9
8327.68367393888  143117.2
8329.10351719905  142085.5
8330.52336045923  141788.3
8331.94320371941  142636.4
8333.36304697958  144044.
8334.78289023976  144555.6
8336.20273349993  143246.5
8337.62257676011  142319.6
8339.04242002028  143857.4
8340.46226328046  144678.2
8341.88210654064  144254.1
8343.30194980081  143662.1
8344.72179306098  142433.3
8346.14163632116  142768.7
8347.56147958134  143461.7
8348.98132284151  142572.1
8350.40116610169  143270.7
8351.82100936186  143841.7
8353.24085262204  141939.2
8354.66069588221  142385.
8356.08053914239  143318.7
8357.50038240257  143150.9
8358.92022566274  142553.2
8360.34006892292  142805.7
8361.75991218309  143507.3
8363.17975544327  143337.2
8364.59959870344  142739.8
8366.01944196362  141791.2
8367.4392852238  141680.8
8368.85912848397  142529.1
8370.27897174415  141883.7
8371.69881500432  142276.7
8373.1186582645  142591.3
8374.53850152467  141757.
8375.95834478485  143043.4
8377.37818804503  141764.5
8378.7980313052  142085.9
8380.21787456538  142757.7
8381.63771782555  141612.7
8383.05756108573  141183.2
8384.47740434591  141339.4
8385.89724760608  141654.7
8387.31709086626  142248.7
8388.73693412643  141492.1
8390.15677738661  141542.3
8391.57662064679  141852.8
8392.99646390696  141435.9
8394.41630716713  142454.
8395.83615042731  142493.9
8397.25599368749  141581.3
8398.67583694766  141774.5
8400.09568020784  141804.6
8401.51552346801  140698.2
8402.93536672819  140296.2
8404.35520998836  140941.
8405.77505324854  140018.3
8407.19489650872  140859.1
8408.61473976889  140914.6
8410.03458302907  140503.5
8411.45442628924  141531.7
8412.87426954942  141104.8
8414.2941128096  140591.
8415.71395606977  141227.2
8417.13379932995  140479.1
8418.55364259012  140779.4
8419.9734858503  141256.3
8421.39332911047  140889.5
8422.81317237065  140422.6
8424.23301563082  140240.9
8425.652858891  140215.4
8427.07270215118  140199.4
8428.49254541135  140752.8
8429.91238867153  140947.5
8431.3322319317  139765.2
8432.75207519188  138914.1
8434.17191845206  139500.4
8435.59176171223  140490.3
8437.01160497241  140118.1
8438.43144823258  138596.7
8439.85129149276  139858.5
8441.27113475293  140741.2
8442.69097801311  139795.2
8444.11082127328  140025.8
8445.53066453346  139851.9
8446.95050779364  138852.8
8448.37035105381  139508.6
8449.79019431399  140492.6
8451.21003757416  140640.8
8452.62988083434  138683.9
8454.04972409451  139248.1
8455.46956735469  139427.7
8456.88941061487  139213.3
8458.30925387504  138837.6
8459.72909713522  138193.6
8461.14894039539  138749.2
8462.56878365557  138681.9
8463.98862691574  138821.
8465.40847017592  138072.
8466.8283134361  137972.1
8468.24815669627  138194.7
8469.66799995645  138512.1
8471.08784321662  138999.4
8472.5076864768  138725.7
8473.92752973697  138272.1
8475.34737299715  138971.8
8476.76721625733  138045.8
8478.1870595175  136849.4
8479.60690277768  136872.9
8481.02674603785  137474.9
8482.44658929803  137558.5
8483.8664325582  137495.2
8485.28627581838  137833.9
8486.70611907856  137824.9
8488.12596233873  137320.2
8489.54580559891  137767.3
8490.96564885908  138164.3
8492.38549211926  137394.5
8493.80533537943  137192.
8495.22517863961  137965.6
8496.64502189979  137504.1
8498.06486515996  137015.
8499.48470842014  137569.7
8500.90455168031  136827.6
8502.32439494049  136524.5
8503.74423820066  137107.8
8505.16408146084  137454.2
8506.58392472102  136811.5
8508.00376798119  134915.7
8509.42361124137  132827.6
8510.84345450154  132006.7
8512.26329776172  133472.4
8513.68314102189  134899.8
8515.10298428207  135000.
8516.52282754224  135529.9
8517.94267080242  136483.7
8519.3625140626  136300.3
8520.78235732277  136946.6
8522.20220058295  137493.1
8523.62204384312  137355.1
8525.0418871033  137092.1
8526.46173036348  136493.1
8527.88157362365  136070.5
8529.30141688383  135940.2
8530.721260144  135321.6
8532.14110340418  135148.5
8533.56094666435  136011.6
8534.98078992453  135173.6
8536.40063318471  135351.3
8537.82047644488  135881.4
8539.24031970506  135119.1
8540.66016296523  134639.3
8542.08000622541  135072.
8543.49984948558  135255.7
8544.91969274576  135641.3
8546.33953600594  136363.2
8547.75937926611  135728.
8549.17922252629  135143.
8550.59906578646  135062.1
8552.01890904664  133656.5
8553.43875230682  130726.7
8554.85859556699  127069.3
8556.27843882716  127476.7
8557.69828208734  130640.2
8559.11812534752  134208.5
8560.53796860769  133816.9
8561.95781186787  132439.6
8563.37765512804  134425.9
8564.79749838822  134655.3
8566.21734164839  133705.2
8567.63718490857  134464.4
8569.05702816875  134000.5
8570.47687142892  133418.
8571.8967146891  133544.9
8573.31655794927  133556.3
8574.73640120945  133650.7
8576.15624446962  133870.3
8577.5760877298  134554.3
8578.99593098997  133826.3
8580.41577425015  132785.3
8581.83561751033  133494.3
8583.2554607705  134047.
8584.67530403068  133047.2
8586.09514729086  132619.5
8587.51499055103  133005.9
8588.93483381121  133833.2
8590.35467707138  133234.
8591.77452033156  133444.5
8593.19436359173  133863.5
8594.61420685191  133498.1
8596.03405011209  132843.9
8597.45389337226  132132.2
8598.87373663243  133376.1
8600.29357989261  133461.5
8601.71342315279  133040.4
8603.13326641296  133696.9
8604.55310967314  133774.8
8605.97295293331  133778.6
8607.39279619349  134789.9
8608.81263945367  133775.8
