 3491.536 
 3588.4407
 3719.4347
 3803.075
 4052.9208
 4071.9967
 4131.7235
 4158.5905
#4259.3619
 4277.5282
 4348.064
#4400.9863
 4481.8107
 4510.7332
 4545.0519
 4579.3495
 4589.8978
 4609.5673
 4657.9012
 4703.9898
 4764.8646
#4806.0205
 4879.8635
 4965.0795
 5017.1628
 5187.7462
 5231.1597
 5343.5812
 5587.0263
#5719.6227
 5760.5508
#5912.0853
#5973.6649
 6032.1274
 6182.6217
 6416.3071
 6457.2824
 6677.2817
 6752.8335
 6871.2891
 6911.2264
 6937.6642
 6965.4307
 7067.2181
 7272.9359
 7383.9805
 7635.106
#7723.7611
 7948.1764
 8264.5225
 8521.4422
 8667.9442
 9122.9674
 9224.4992
 9354.2198
 9657.7863
 9784.5010
10470.051 
